-1.000000000000000000e+00 -1.125218300000000032e-01 -1.100877799999999906e+00 -5.670880200000000260e-01 4.904725300000000177e-01 8.002320200000000439e-01
-9.712230215827337698e-01 -3.773896899999999999e+00 -4.285842599999999614e+00 -3.874229699999999887e+00 -3.616363799999999795e+00 -2.384761300000000084e+00
-9.424460431654676507e-01 -4.376040999999999848e+00 -4.022376699999999694e+00 -4.187448700000000024e+00 -4.268015799999999693e+00 -4.338224099999999694e+00
-9.136690647482014205e-01 -2.181408199999999908e+00 -1.566125800000000012e+00 -1.742940200000000051e+00 -2.993280200000000058e+00 -2.534509599999999807e+00
-8.848920863309353013e-01 -1.250521900000000075e+00 -7.546797100000000036e-01 -1.183580300000000030e+00 -1.333884499999999917e+00 -1.594450399999999934e+00
-8.561151079136690711e-01 -3.638079100000000121e-01 1.489509300000000092e-01 -2.828967600000000249e-01 -1.833185900000000035e-01 -2.981066299999999836e-01
-8.273381294964028410e-01 -4.218550899999999881e-01 2.948760799999999849e-01 -2.872974500000000098e-01 -2.738743699999999781e-01 -4.913507899999999817e-01
-7.985611510791366108e-01 -4.959387000000000101e-01 2.355750000000000066e-01 -4.732440900000000061e-01 -1.959834500000000035e-01 -3.392955400000000066e-01
-7.697841726618704916e-01 -3.553362700000000096e-01 2.217424000000000062e-01 -3.990390300000000168e-01 -1.764726899999999876e-01 -2.901133300000000026e-01
-7.410071942446043725e-01 -3.165027899999999783e-01 1.780421399999999876e-01 -3.395222600000000202e-01 -1.491723100000000024e-01 -5.256838299999999631e-01
-7.122302158273381423e-01 -4.716718100000000247e-01 4.679443300000000333e-02 -3.372510799999999809e-01 -1.800740600000000080e-01 -5.755231699999999728e-01
-6.834532374100719121e-01 -3.646170300000000086e-01 1.065443199999999979e-01 -4.239522800000000147e-01 -2.742598600000000220e-01 -5.045548399999999489e-01
-6.546762589928056819e-01 -4.714186599999999894e-01 3.994853900000000339e-03 -4.932531499999999736e-01 -2.774487700000000112e-01 -6.828135400000000521e-01
-6.258992805755395628e-01 -4.625167299999999870e-01 -4.599936200000000197e-02 -5.298310899999999490e-01 -3.119370899999999724e-01 -8.155878399999999528e-01
-5.971223021582733326e-01 -4.753751900000000030e-01 -7.107790899999999468e-02 -5.023649000000000031e-01 -4.059681800000000118e-01 -7.823743300000000067e-01
-5.683453237410072134e-01 -7.018680999999999948e-01 -2.272544300000000073e-01 -5.263457299999999561e-01 -5.241056099999999995e-01 -9.996716700000000122e-01
-5.395683453237409832e-01 -6.606841500000000256e-01 -2.534893500000000022e-01 -6.767842800000000159e-01 -6.067775399999999486e-01 -1.007877300000000087e+00
-5.107913669064747531e-01 -7.698068799999999712e-01 -2.643299599999999749e-01 -6.105710399999999538e-01 -6.833747799999999595e-01 -1.122629300000000052e+00
-4.820143884892086339e-01 -6.536760499999999530e-01 -3.107810699999999926e-01 -7.656743799999999878e-01 -6.356620600000000287e-01 -1.046514600000000073e+00
-4.532374100719424037e-01 -5.593022800000000405e-01 -3.061779099999999976e-01 -5.378476100000000315e-01 -5.400937500000000391e-01 -1.122422800000000054e+00
-4.244604316546762846e-01 -4.932233200000000206e-01 -2.061601700000000037e-01 -4.380234700000000259e-01 -6.539489600000000236e-01 -8.558652500000000218e-01
-3.956834532374100544e-01 -3.016438200000000069e-01 -4.868393099999999973e-02 -4.001137499999999902e-01 -5.240449299999999644e-01 -5.887542500000000345e-01
-3.669064748201438242e-01 -1.250548800000000071e-01 9.480518599999999962e-02 -2.393467699999999865e-01 -3.877869099999999847e-01 -3.972983800000000065e-01
-3.381294964028777050e-01 -2.435740399999999917e-02 1.851859200000000039e-01 -1.971404099999999986e-03 -7.274461999999999595e-02 -2.074249200000000126e-01
-3.093525179856114748e-01 3.499925799999999837e-02 1.380270700000000017e-01 3.156457300000000132e-01 -9.215953500000000076e-02 -1.687336100000000061e-01
-2.805755395683452447e-01 7.119541999999999538e-02 2.716947699999999744e-01 1.095214800000000044e-01 8.147214099999999792e-02 -3.277228100000000033e-02
-2.517985611510791255e-01 1.031237099999999934e-01 2.692016600000000093e-01 2.918977899999999903e-01 2.469222899999999957e-02 8.148517900000000480e-02
-2.230215827338128953e-01 1.286830499999999933e-01 2.020733899999999916e-01 1.884071400000000007e-01 1.528879099999999880e-01 1.327196900000000013e-01
-1.942446043165466651e-01 2.572762100000000052e-01 1.531152600000000030e-01 2.633654200000000167e-01 1.101595199999999969e-01 1.004317500000000002e-01
-1.654676258992805460e-01 1.793829700000000027e-01 1.910818699999999870e-01 3.143172499999999925e-01 1.138323100000000060e-01 1.098865400000000048e-01
-1.366906474820143158e-01 3.412168700000000054e-01 2.105100599999999988e-01 1.382900800000000097e-01 2.714922399999999958e-01 2.087476199999999948e-01
-1.079136690647481966e-01 4.060416900000000107e-01 2.048883499999999969e-01 4.581677399999999900e-01 1.976078300000000121e-01 2.736642200000000136e-01
-7.913669064748196647e-02 4.240682299999999905e-01 3.469196299999999789e-01 2.613529299999999833e-01 3.865383700000000200e-01 3.270623100000000227e-01
-5.035971223021573628e-02 4.778437999999999852e-01 2.545372599999999874e-01 2.987932500000000102e-01 3.098009700000000088e-01 3.861052200000000267e-01
-2.158273381294961712e-02 5.745845600000000220e-01 3.566903000000000157e-01 4.191466200000000253e-01 3.897098600000000190e-01 4.397178500000000212e-01
7.194244604316502034e-03 5.645919000000000354e-01 4.303796300000000130e-01 5.377611900000000000e-01 4.334295799999999810e-01 5.417151100000000552e-01
3.597122302158273222e-02 6.206345699999999965e-01 4.860630899999999754e-01 4.756339900000000065e-01 5.250365900000000252e-01 6.335547599999999946e-01
6.474820143884896240e-02 6.847480599999999917e-01 4.789556899999999895e-01 7.352483100000000160e-01 6.239537299999999842e-01 4.409172900000000173e-01
9.352517985611519258e-02 6.655837700000000190e-01 4.641200300000000167e-01 7.185233399999999548e-01 6.691888000000000281e-01 5.308650200000000208e-01
1.223021582733814228e-01 6.381347899999999518e-01 3.613612099999999883e-01 5.454409799999999642e-01 5.395734199999999703e-01 6.068742299999999590e-01
1.510791366906474309e-01 5.690834299999999457e-01 3.427852800000000255e-01 5.212963900000000539e-01 4.978531800000000063e-01 5.377715600000000373e-01
1.798561151079136611e-01 4.428177699999999994e-01 3.875083999999999751e-01 4.050202299999999811e-01 6.117369799999999858e-01 6.404630300000000442e-01
2.086330935251798913e-01 4.324929499999999871e-01 2.840340800000000221e-01 5.311300399999999700e-01 5.739486400000000099e-01 5.447104799999999969e-01
2.374100719424461214e-01 4.186225599999999769e-01 2.501080900000000051e-01 4.677009300000000147e-01 5.726297299999999479e-01 5.377614899999999531e-01
2.661870503597123516e-01 4.109590100000000135e-01 1.494225700000000046e-01 3.411160899999999829e-01 3.743817600000000079e-01 4.665956099999999940e-01
2.949640287769785818e-01 3.721667599999999854e-01 2.222609600000000074e-01 4.591269900000000126e-01 4.146606600000000142e-01 4.251748699999999825e-01
3.237410071942445899e-01 2.214051099999999883e-01 1.507793199999999945e-01 2.981911999999999896e-01 4.451695700000000144e-01 4.405229700000000137e-01
3.525179856115108201e-01 2.986640799999999984e-01 2.809420400000000040e-01 6.646590999999999472e-01 5.560605699999999763e-01 3.592994299999999752e-01
3.812949640287770503e-01 3.425635200000000102e-01 6.608888400000000329e-01 7.013247400000000020e-01 8.611578800000000422e-01 4.213254900000000247e-01
4.100719424460432805e-01 5.866073600000000221e-01 1.026997200000000054e+00 1.247987299999999911e+00 1.135605999999999893e+00 6.774886599999999648e-01
4.388489208633095107e-01 1.173344600000000071e+00 1.557409599999999950e+00 1.640105399999999936e+00 1.553078500000000028e+00 9.822303100000000509e-01
4.676258992805755188e-01 1.433788700000000027e+00 2.164345899999999823e+00 2.185397800000000057e+00 2.000768799999999903e+00 1.336253899999999994e+00
4.964028776978417490e-01 1.999043099999999962e+00 1.903613599999999906e+00 2.052920199999999973e+00 1.898425999999999947e+00 1.717593900000000007e+00
5.251798561151079792e-01 1.993290699999999971e+00 1.507769399999999926e+00 1.793033000000000099e+00 1.501711100000000076e+00 1.741685600000000056e+00
5.539568345323742093e-01 1.797436699999999998e+00 8.945621499999999449e-01 1.234618900000000075e+00 1.023225499999999899e+00 1.546927799999999964e+00
5.827338129496404395e-01 1.251167899999999999e+00 2.443430500000000061e-01 5.519571399999999572e-01 5.044262600000000152e-01 1.110168199999999938e+00
6.115107913669066697e-01 4.837224199999999863e-01 -5.158813399999999660e-01 -1.285870000000000068e-01 -2.331606099999999904e-01 5.217766499999999530e-01
6.402877697841726778e-01 -1.949138300000000101e-01 -8.324654700000000407e-01 -1.686062700000000025e-01 -3.275279999999999858e-01 -1.238607000000000041e-01
6.690647482014389080e-01 -2.437366800000000111e-01 -8.362524799999999647e-01 -3.950344800000000212e-01 -4.025355600000000145e-01 -2.479560199999999992e-01
6.978417266187051382e-01 -2.911355500000000207e-01 -7.747530099999999642e-01 -4.481380400000000153e-01 -3.542064899999999850e-01 -2.146952000000000027e-01
7.266187050359713684e-01 -2.278742500000000004e-01 -7.213863099999999751e-01 -4.564148499999999831e-01 -4.253259300000000187e-01 -1.985971300000000106e-01
7.553956834532375986e-01 -2.892858600000000058e-01 -7.119815900000000530e-01 -3.175083300000000053e-01 -4.518352600000000163e-01 -1.295925900000000075e-01
7.841726618705036067e-01 -3.636535900000000265e-01 -7.577196000000000486e-01 -5.492034799999999661e-01 -4.487623499999999765e-01 -1.968070399999999887e-01
8.129496402877698369e-01 -2.664188599999999796e-01 -7.669884099999999538e-01 -2.680823500000000248e-01 -3.763074599999999825e-01 -2.088326500000000085e-01
8.417266187050360671e-01 -2.886939900000000114e-01 -5.199234900000000437e-01 -1.174290499999999932e-01 -2.535244199999999726e-01 -1.004853700000000044e-01
8.705035971223022973e-01 1.603477199999999991e-01 5.603267600000000348e-01 1.284825399999999895e+00 4.911731999999999765e-01 9.666059999999999652e-01
8.992805755395685274e-01 9.335412199999999494e-01 6.568807899999999922e-01 5.314524000000000470e-01 4.991105599999999809e-01 9.584342500000000431e-01
9.280575539568345356e-01 5.786206600000000089e-01 7.240462300000000129e-01 -2.191895899999999828e-02 8.420693999999999679e-01 1.371682300000000021e+00
9.568345323741007658e-01 2.280771799999999905e-01 4.763333499999999887e-01 -5.321967100000000173e-01 9.901331799999999461e-01 9.603039300000000278e-01
9.856115107913669959e-01 9.252862400000000376e-01 1.119620899999999919e+00 9.042267299999999786e-01 1.403011000000000008e+00 1.614392400000000061e+00
